162
780176896
-1537236512
-7470258560
-4339527440
1244665568
1518006223
-6023005952
818261728
816340288
-8323351040
743967536
762839808
783689536
1732310970
254211375
-4464096704
-35433440
-90861791232
-2157030656
-113063587840
-2185443200
-4581712384
-2077683840
-720117616
2516612768
8597674
2309417984
9389504
1339354064
22158712
1263758680
4604902528
53961124
4506619648
51606052
2544645568
45564101
571091280
-25405210112
-699810542
-31829923072
-710457217
-147487936
-658151948
-255638248
-10710930544
-139531414
-11406019808
-126608192
-5628286720
-112863672
-639314003
-1031648488
89626498
-759011644
91438658
-246001884
87786526
1041901152
3812948160
38172311
3776582848
41489142
2273676480
33858567
-27927711
-91033391104
-2140591104
-113892548608
-2186379392
-4501815680
-1990252224
2966910
-90683955200
-2174715584
-113303855104
-2225083136
-4532776576
-1865101696
1480251719
5080694784
32309573
4933216768
43953275
2931076800
36980046
-16526122
-78978553856
-1666915520
-93296171008
-1700733856
-6289752960
-1459270464
-39553857
-89480077312
-2122894528
-111652360192
-2161997504
-4351228928
-1988844800
-25476635
-91258656768
-2174623296
-114218033152
-2198780288
-4445137536
-2026565312
-789712055
-1513181632
97240720
-1093456544
94870204
-664924032
92070920
-99993128
-16091948032
-272377888
-18958268416
-336769696
-5828864512
-243115936
448532018
-13429218304
-307137501
-15403669248
-316469919
-2493168256
-279763248
-8543454464
8543404544
102272593920
-1134103360
-6966144896
27664178944
8234722880
-1477198447
-5970335360
103676641280
103051253760
-8010013952
81318690816
101277093888
103519901696
-1438839706
16207258624
11216744064
-102310615040
1134136640
6966147840
-27649932032
-8248958048
1477293099
5295549440
-103686051840
-102957805568
8008073728
-83102949376
-101325090816
-103256899584
1449348926
-16597176320
-11694941952
